     0.23592      -0.2272     0.390472
   -0.422776     0.130511    -0.148995
      0.6871    -0.245794    -0.294582
     0.39466   -0.0846639    0.0963405
    0.398608    -0.279439     0.324794
    0.540515    -0.509965      0.39942
  -0.0758711     0.448417   -0.0568801
     0.69964     -0.35628     0.128942
    0.442143   -0.0578286     -0.32437
    0.563639    -0.199586    -0.556379
    0.772265   -0.0814812    -0.630054
    0.306729   -0.0352069     0.114416
    0.169653    0.0401309    0.0176602
    0.630687    -0.104837    -0.557053
    0.672152    -0.242331    -0.341083
    0.698024    -0.252458    -0.250696
    0.713841    -0.303612    -0.017078
    0.401633    -0.214914    -0.666181
    0.680223    -0.205462    -0.221585
    0.106089     0.167502    0.0789882
    0.618048    -0.611625     0.378474
    0.723263    -0.337043  -0.00259206
    0.344868   -0.0398341    0.0496601
    0.183918    0.0293333   0.00548779
    0.124934     0.113164    0.0543913
   0.0885733     0.123319    0.0389186
    0.597853   -0.0979216    -0.545152
     0.69145    -0.132815    -0.480973
    0.690244    -0.132098     -0.39031
    0.183712    0.0619278    0.0834947
    0.582746    -0.176891   0.00427561
    0.580548    -0.150534    -0.645209
    0.611584    -0.215412    -0.473669
    0.410567    -0.195299    -0.686223
    0.513115    -0.179779    -0.640306
    0.705994    -0.168104    -0.348905
    0.687987     -0.21756    -0.253307
     0.71116    -0.155522    -0.308875
    0.692929    -0.251386    -0.251121
    0.615494    -0.198775    -0.493238
    0.719394     -0.30425    -0.117144
     0.68961    -0.239322    -0.137038
    0.444905    -0.166568    -0.710205
    0.280316  0.000282746   -0.0533705
    0.318296   -0.0670903    -0.518977
    0.722959    -0.361331    0.0463963
    0.674501    -0.241626    -0.334356
    0.693854    -0.250473     -0.14988
    0.669973    -0.340048     0.183612
    0.700562    -0.263052   -0.0974967
    0.686713    -0.469896     0.244743
    0.707164    -0.329477    0.0544635
    0.695128    -0.392538     0.261681
    0.721341    -0.348894    0.0143791
    0.588336    -0.213614    0.0493909
    0.500671    -0.143167    0.0548804
    0.702415    -0.336314    0.0668808
     0.65403    -0.326221     0.179181
    0.676255    -0.269489   0.00968901
    0.697462    -0.436698     0.268327
    0.414102    -0.526569     0.484656
    0.308117   -0.0965498     0.217412
     0.59347    -0.440868     0.347361
    0.631683    -0.639429     0.438301
    0.486663    -0.679336     0.480266
     0.54544    -0.269041     0.208247
    0.510283    -0.173758      0.10304
    0.498829    -0.185475      0.14128
    0.567006    -0.243996     0.157629
    0.133538    0.0713207    0.0337722
    0.439421    -0.120965    0.0938688
  0.00424964     0.164478  0.000525737
    0.464703   -0.0932268  0.000987619
   -0.297379     0.140026   -0.0896335
    0.120444    0.0465233   0.00134072
    0.711693    -0.369607      0.10359
    0.545773    -0.639396      0.47439
    0.149269    0.0479181     0.193635
    0.621408    -0.632504     0.378151
    0.441594    -0.169192     0.186235
    0.443328    -0.675045      0.54377
     0.37683     -0.34573     0.407471
    0.377592    -0.237781     0.309855
     0.59963     -0.35119     0.284792
    0.379703    -0.183953     0.258181
    0.274426   -0.0967384     0.243633
    0.133048    0.0968496     0.156355
     -0.4176     0.643856    -0.456461
   -0.238105     0.273075    -0.132679
  -0.0705344     0.382244   -0.0557231
    0.186637     0.063083     0.122799
   -0.670276     0.195612     -0.38671
   -0.606893     0.368011    -0.464771
   -0.822122      0.13914    -0.552047
   -0.189114     0.722939    -0.162748
  -0.0411717    0.0711946  -0.00402164
   -0.168836     0.129947   -0.0507478
  -0.0348147     0.485156   -0.0568425
   -0.491726     0.135071    -0.215907
    0.333233    -0.540697     0.537648
    0.424322    -0.650375     0.527208
    0.557541     -0.69391     0.428973
    0.603661     -0.63426     0.395588
     0.56347    -0.649418     0.441978
  -0.0539345     0.120212    -0.017819
  -0.0189901     0.204228  -0.00846404
   0.0949885     0.066734     0.014271
    0.206027    0.0293221    0.0221235
    0.193446    0.0212717   -0.0178159
    0.341606   -0.0190515   -0.0270115
    0.373472    -0.026569    -0.121903
    0.404847   -0.0367551    -0.182165
    0.333033   -0.0243735    0.0262143
    0.244649    0.0157728      0.05862
    0.392954   -0.0542634    0.0132473
    0.496608     -0.10123    -0.035988
    0.490351   -0.0701585    -0.100045
    0.586006   -0.0961105     -0.26614
    0.535713    -0.119789   -0.0413062
    0.427029   -0.0754981     0.010677
     0.55082    -0.118483   -0.0929431
    0.563069    -0.088354    -0.209406
    0.725312    -0.111989    -0.596509
    0.780729    -0.168157    -0.509971
    0.408313   -0.0364485    -0.132218
    0.561164    -0.087276    -0.359919
    0.453562   -0.0964669    -0.733404
    0.453455    -0.129185    -0.769119
    0.563564   -0.0944773    -0.513984
    0.622736   -0.0907839    -0.680541
    0.452052   -0.0853294    -0.574926
    0.550201   -0.0891347     -0.42609
    0.474815   -0.0740313    -0.425179
    0.399304    -0.051665    -0.338007
    0.396378   -0.0883987    -0.655654
    0.375908   -0.0597278     -0.42473
    0.435269   -0.0674588    -0.416542
    0.330656   -0.0597224    -0.463692
    0.419533    -0.050084    -0.294547
    0.436345   -0.0492975     -0.25047
    0.416493    -0.048556    -0.288603
    0.488853   -0.0670525    -0.326106
    0.334432   -0.0152318   -0.0692152
   0.0619383    0.0579662   0.00480184
    0.253477   0.00678488   -0.0443856
  -0.0811343     0.105672   -0.0178218
  0.00992147      0.06087   0.00185853
     0.33331   -0.0141427   -0.0705568
    0.078626    0.0493313   0.00148521
    0.252012   0.00707042   -0.0451892
    0.384374   -0.0295731    -0.165036
    0.409454   -0.0407158    -0.224334
    0.554263    -0.213902    -0.545582
    0.650588    -0.221642    -0.405106
    0.426392    -0.216081    -0.648839
    0.571013    -0.221513    -0.517432
    0.687223    -0.227136    -0.178534
    0.659975    -0.217644    -0.379892
    0.634528    -0.209703   -0.0482179
    0.688585    -0.181956    -0.228997
    0.654065    -0.192065    -0.433787
    0.566773    -0.169859    -0.612472
    0.670673    -0.171478    -0.183513
     0.64633    -0.187772   -0.0935712
    0.673671    -0.212677    -0.128498
    0.693864    -0.267972   -0.0669261
    0.619417    -0.211717  -0.00566086
    0.656994    -0.226387   -0.0498365
    0.624278    -0.294341      0.16958
    0.627516    -0.229647    0.0234562
    0.683147    -0.215041    -0.169115
    0.684443    -0.254593   -0.0623816
    0.682847    -0.203775    -0.309917
    0.688516    -0.227085    -0.221374
    0.686064    -0.194397    -0.336215
    0.668211    -0.202117    -0.373637
    0.690255     -0.16881    -0.428939
    0.625379    -0.186911    -0.503183
    0.689544    -0.236693    -0.228686
    0.696373    -0.260917    -0.186146
    0.706164     -0.28074    -0.184302
    0.696626    -0.286369   0.00190929
    0.689947    -0.233433    -0.259731
    0.703385    -0.263087    -0.188721
    0.679099    -0.224573    -0.321983
    0.674356    -0.237003    -0.334918
    0.716231    -0.286886   -0.0970572
    0.717763    -0.317419   -0.0240013
    0.683031    -0.174247    -0.217015
    0.696921    -0.183396    -0.328914
    0.668888    -0.161775    -0.171336
    0.676102     -0.19234    -0.215636
    0.655304    -0.145793    -0.226562
    0.678952    -0.143482    -0.287116
    0.631764    -0.224222     -0.43642
    0.658252     -0.23528    -0.378532
    0.708811    -0.278278    -0.195498
    0.698801      -0.2602     -0.24473
    0.612988    -0.215387    -0.474074
     0.69112    -0.250103    -0.288876
    0.566514    -0.218294    -0.526819
    0.671362    -0.235031     -0.34861
    0.634941     -0.22307    -0.432052
    0.724378    -0.342288   -0.0116556
    0.718569    -0.292043    -0.113069
    0.696902    -0.257745    -0.261734
    0.722871     -0.31131   -0.0703755
    0.715292    -0.298964    -0.136515
    0.724917    -0.328457   -0.0342198
    0.708855    -0.436234     0.160314
    0.708735    -0.428789     0.171355
    0.714061    -0.408452     0.128418
    0.721552    -0.380547    0.0634291
    0.665219    -0.512943      0.29556
    0.695212    -0.474176     0.261446
    0.718105    -0.372037    0.0834591
    0.718042    -0.337278     0.023057
    0.721973    -0.319947   -0.0520394
    0.714007    -0.345523    0.0475109
    0.706475    -0.306455    -0.016107
     0.71745    -0.386952    0.0883014
    0.697419    -0.355963     0.131218
    0.706683    -0.419164     0.168451
    0.709364    -0.376571     0.117423
    0.710764    -0.286933   -0.0968017
     0.72076    -0.311477   -0.0420917
    0.617243    -0.614465     0.375149
    0.708918    -0.441784      0.16297
    0.689358    -0.487525     0.244787
    0.656335    -0.529167     0.322064
    0.658496    -0.545501     0.309798
    0.682994    -0.538614     0.338897
    0.620651    -0.623439     0.369566
    0.659169    -0.554399     0.323063
    0.716526    -0.430054     0.276025
    0.668596    -0.522399     0.331857
    0.692878    -0.369947     0.192624
    0.704923    -0.405862     0.194612
    0.675774    -0.323976     0.122281
    0.693706    -0.377257      0.19293
    0.659131    -0.297477     0.108972
    0.667367    -0.268069    0.0158915
    0.693729    -0.377601     0.261145
    0.648444    -0.344276      0.24394
    0.579901    -0.291558     0.220794
    0.596992    -0.276633     0.162222
    0.700966    -0.395978     0.360428
    0.616843    -0.329005     0.232061
    0.731255    -0.460928     0.356463
    0.584967    -0.530171     0.401442
    0.510708     -0.40011     0.351764
    0.491726    -0.322854     0.303556
    0.405601    -0.395829     0.415116
    0.317603    -0.224898     0.340874
    0.558716    -0.328251     0.267317
     0.46132    -0.162486      0.14207
     0.44665    -0.212962     0.238905
    0.477417    -0.204458     0.184041
    0.531867    -0.220241     0.147895
    0.512526     -0.23125     0.197277
    0.428844    -0.132501     0.137982
    0.480962    -0.145953    0.0997563
    0.407519    -0.140901     0.174527
    0.341559   -0.0490417    0.0857679
    0.390521    -0.114143     0.153007
    0.257657  -0.00612967     0.133868
    0.479195     -0.12153    0.0576043
    0.534051    -0.161975    0.0578661
    0.601372    -0.175574   -0.0415358
    0.554348     -0.18302    0.0495982
    0.313033   -0.0272905    0.0790412
    0.446082   -0.0938598    0.0322462
    0.609819    -0.230629    0.0483375
    0.543347    -0.189906    0.0977996
    0.571392    -0.212782    0.0944385
    0.635416     -0.28018     0.104347
    0.604154    -0.712722     0.356406
    0.818211    -0.414128     0.398783
    0.700274    -0.403621     0.193639
    0.686374    -0.463436     0.261544
    0.499891    -0.545406     0.445194
     0.31848    -0.338507     0.432583
    0.217959     0.032553    0.0719671
    0.274885  0.000614469     0.044729
    0.551256    -0.159749   0.00675292
    0.578723    -0.197314    0.0439171
    0.533923    -0.140313   0.00747884
    0.553723    -0.139636   -0.0430901
    0.629183    -0.191012   -0.0443628
    0.594186    -0.195341 -0.000218349
    0.409998    -0.178679     0.220807
    0.339381   -0.0689796     0.132893
    0.378932    -0.139119     0.206061
    0.305022   -0.0575952     0.164642
    0.343399    -0.142728     0.235578
    0.337596   -0.0977814     0.185104
    0.170862   -0.0633249     0.285236
     0.14376     0.108177     0.118583
   0.0746924     0.184005     0.119475
    0.182296    0.0421535     0.168568
    0.268607   -0.0491641     0.191432
    0.247673   -0.0535408     0.219927
   0.0492385     0.225767    0.0311345
    0.171903    0.0786463     0.107247
  -0.0257644     0.309727   -0.0141716
    0.123424     0.136439     0.068566
   0.0526722     0.255442    0.0628059
 -0.00371126     0.400127   -0.0130386
   -0.654325     0.225432    -0.382375
  -0.0910397     0.211561   -0.0445243
   -0.159769     0.716114    -0.251079
   -0.323114     0.333657    -0.180572
    -0.12095     0.987557    -0.100515
   -0.625718     0.148716    -0.317634
   -0.236175     0.737115    -0.387215
   -0.276022      0.82545    -0.302642
   -0.442282     0.258011    -0.254908
  -0.0940103     0.179088   -0.0339708
  -0.0889444     0.603707    -0.095697
    -0.18324     0.759053    -0.341932
    0.046961     0.255809    0.0726826
    0.170666    0.0046763     0.221848
    0.150274    0.0936768     0.137266
  -0.0472633     0.569898    -0.111975
   0.0223237     0.309124    0.0337951
  -0.0495646     0.560241   -0.0983549
   0.0193717     0.327979    0.0312179
 -0.00824415     0.387284  -0.00499271
    0.412849    -0.230448     0.273789
    0.310066    -0.147697     0.272881
    0.450796    -0.269664     0.294578
    0.473793    -0.349615     0.339168
    0.216617    0.0365301     0.110698
  -0.0892941     0.680254    -0.137494
    0.230547   0.00262487     0.160999
   0.0695854     0.217759    0.0717671
  0.00316179     0.327259   0.00126758
    0.566063    -0.704697     0.427757
    0.612582    -0.646006     0.375569
    0.575866    -0.667757     0.428987
    0.423762    -0.693789     0.532602
    0.686322    -0.334351     0.124436
    0.692755    -0.323133    0.0683745
    0.612684    -0.206537    -0.482163
    0.612505    -0.209191     -0.48192
     0.49078    -0.205826    -0.614482
    0.566392    -0.216893    -0.528419
    0.484412     -0.25564     0.243777
    0.520207    -0.284322     0.260597
    0.348755    -0.274816     0.363794
    0.349247    -0.203497     0.292848
    0.288357    -0.414619     0.494733
    0.144509  -0.00101788     0.244522
    0.201735   -0.0331627     0.236865
     0.21531    -0.176387     0.358976
    0.287447    -0.196671     0.330263
     0.19578    -0.125619     0.326805
    0.253708    -0.137139     0.298552
    0.711517     -0.26796    -0.202863
    0.708636    -0.273047    -0.195767
    0.682322    -0.298744    0.0633404
    0.670673    -0.288196    0.0626384
    0.540817    -0.730976     0.416162
    0.271508    -0.362719     0.468841
     0.53726    -0.618641       0.4382
    0.452928    -0.587918     0.480269
    0.476559    -0.507793     0.431185
    0.350608    -0.589269     0.551083
    0.294314     -0.49116     0.537392
    0.487694    -0.678289     0.487897
    0.409515    -0.609283     0.521755
    0.339054    -0.617863     0.570486
    0.355887     -0.66859     0.590845
    0.341597    -0.646208     0.581412
    0.376973    -0.668827     0.586189
    0.351391    -0.657414     0.584539
    0.501631    -0.663592     0.505927
    0.113717     0.130456     0.134508
    0.563881    -0.195778    -0.560639
    0.560045    -0.205573    -0.549913
     0.42601    -0.172223    -0.712034
    0.632242    -0.170187    -0.534868
    0.616525    -0.194084    -0.496192
    0.570281    -0.188911     -0.56782
    0.657308    -0.203149    -0.405226
    0.629097    -0.182459    -0.505754
    0.495919    -0.201097    -0.617546
    0.413038    -0.190533    -0.691664
    0.497687    -0.197396    -0.621124
    0.419528    -0.178891    -0.705993
    0.605311    -0.135354    -0.659042
    0.461973    -0.147748    -0.735845
    0.630975    -0.124556    -0.673655
    0.508894   -0.0913874    -0.605256
    0.437794   -0.0938747    -0.703706
    0.491069    -0.106429    -0.772718
    0.574647    -0.159196    -0.628783
    0.588133    -0.176692    -0.572725
    0.571768   -0.0940941    -0.654739
     0.46414    -0.136858    -0.753464
    0.466731    -0.101534    -0.756543
    0.615156   -0.0949185    -0.733272
    0.493737    -0.212066    -0.603865
    0.405346    -0.203804    -0.677497
    0.627782    -0.176529    -0.525559
    0.405523    -0.207534    -0.672458
    0.536215    -0.219215    -0.556389
    0.402525     -0.21301    -0.667615
    0.403799    -0.210273    -0.670172
    0.575858    -0.184176     -0.56886
    0.501444    -0.186724     -0.63572
    0.414921    -0.184714    -0.699638
    0.497187    -0.191535    -0.631508
    0.407518    -0.200067    -0.681128
    0.566927    -0.221948    -0.521493
    0.492489     -0.21384    -0.602816
    0.489445    -0.217146    -0.600829
    0.494054    -0.216434    -0.597961
    0.693628    -0.238684    -0.261042
    0.683304    -0.230547    -0.320304
    0.675335    -0.102266    -0.596483
    0.541519   -0.0944984    -0.619788
    0.757574    -0.152106    -0.521265
    0.660046    -0.114278     -0.47689
    0.764276    -0.174752    -0.410628
    0.704825    -0.147807     -0.38073
    0.633802    -0.118316    -0.272362
    0.629367    -0.110034    -0.281987
    0.727835    -0.164896    -0.387066
    0.683349     -0.13653    -0.290921
    0.614128    -0.105215    -0.446256
    0.585966   -0.0962577     -0.45073
    0.639403    -0.115704     -0.36348
    0.580999    -0.094061    -0.347507
    0.539743   -0.0792502    -0.263767
    0.515051    -0.074483    -0.345874
    0.500021    -0.063501    -0.193749
    0.478532   -0.0586971    -0.236771
    0.526851   -0.0839182    -0.432686
    0.395382   -0.0690275    -0.471204
    0.497802   -0.0849881    -0.496215
    0.482921   -0.0887039    -0.579054
    0.497979   -0.0775961    -0.412275
    0.435036   -0.0762328     -0.49015
    0.528519   -0.0787669    -0.337513
    0.456661   -0.0625646     -0.34726
    0.529287    -0.074507     -0.27008
    0.450484   -0.0499185    -0.204953
    0.438541   -0.0453257    -0.196764
    0.474359   -0.0605596    -0.282318
    0.388724   -0.0291547     -0.12623
    0.429263   -0.0466882    -0.244891
    0.370724   -0.0249773    -0.140707
    0.392718   -0.0346566    -0.199868
    0.607562     -0.10837    -0.192032
     0.46525   -0.0578685    -0.118726
    0.518869   -0.0774253    -0.152287
    0.444907   -0.0687428   -0.0368131
    0.618061    -0.125882    -0.200737
    0.487035   -0.0765682   -0.0954574
    0.309372  -0.00975147   0.00075388
    0.432937   -0.0461924     -0.11242
    0.532263   -0.0969485    -0.103186
    0.597706    -0.115331    -0.195399
    0.738728    -0.128126    -0.594504
    0.340248   -0.0152807   -0.0954422
    0.817361     -0.21155     -0.53588
    0.673659    -0.151279    -0.558889
    0.719396    -0.161661     -0.45893
    0.656383    -0.157375    -0.551204
    0.675821     -0.17667    -0.443878
    0.682992     -0.17916    -0.311535
    0.735091    -0.164769    -0.469041
    0.668283    -0.162357    -0.252821
    0.699424     -0.15816    -0.308666
    0.523469    -0.102034   -0.0881219
    0.598514    -0.133629    -0.105156
    0.401265   -0.0529404  -0.00336983
    0.490154   -0.0906642    -0.039271
    0.357379   -0.0299536 -0.000489192
    0.408073   -0.0411711   -0.0590364
    0.443912   -0.0625938   -0.0459224
    0.394033   -0.0424858   -0.0405317
    0.622029    -0.148673    -0.111642
    0.593361    -0.158807   -0.0429235
    0.435609   -0.0550312     -0.31386
    0.460768   -0.0559058    -0.270894
    0.419932   -0.0611047    -0.386211
    0.453857   -0.0692195     -0.40773
    0.379479   -0.0623198    -0.438145
    0.413051   -0.0734315    -0.491068
    0.281819   -0.0578572    -0.484837
    0.363084   -0.0824046    -0.614557
    0.313175   -0.0644029    -0.504161
    0.402969   -0.0439222    -0.268765
    0.374711   -0.0572468     -0.40589
    0.387303   -0.0661741    -0.459799
     0.33023   -0.0708586    -0.538531
    0.343519   -0.0746243    -0.557252
    0.417596   -0.0913036    -0.676751
    0.403614   -0.0433678    -0.264296
    0.411718   -0.0571599    -0.364271
    0.394315    -0.047235     -0.31022
    0.382962   -0.0545664    -0.377977
    0.281684   -0.0590375    -0.489963
    0.708944   -0.0922904    -0.699201
      0.7111    -0.134749    -0.576618
    0.681831    -0.169854    -0.257728
    0.687576    -0.172365    -0.313573
    0.282935   -0.0607159    -0.496724
    0.495131     -0.12158   0.00966063
     0.39199   -0.0677338    0.0589909
    0.410305   -0.0397325    -0.216611
    0.397779   -0.0389375    -0.233512
    0.526081   -0.0893233    -0.520255
    0.461945   -0.0811062    -0.508595
    0.432816   -0.0819109    -0.553942
    0.350064   -0.0343925    0.0267262
    0.364224    -0.035757  -0.00342757
    0.322163   -0.0244934    0.0499213
    0.254765    0.0105329    0.0401916
    0.178946    0.0550173    0.0587232
    0.219438    0.0356208    0.0761513
    0.260025   0.00701028    0.0648453
    0.121293    0.0927942    0.0384596
    -0.86136     0.050168    -0.505512
   -0.699255     0.242467    -0.476099
   -0.761541     0.286908    -0.581154
   -0.497266     0.643187    -0.449278
   -0.614651     0.392692    -0.469959
    -0.35967     0.119569    -0.102714
   -0.440608     0.129757    -0.161502
   -0.270681     0.109297   -0.0670108
   -0.539686     0.139218    -0.227052
  -0.0656529    0.0827439   -0.0124738
   -0.323238     0.126755    -0.100375
   -0.249168     0.109861   -0.0608214
   -0.382353     0.163349    -0.166491
   -0.666349     0.111336    -0.335027
  -0.0320331     0.101128  -0.00519646
   -0.129588      0.14413    -0.038722
   0.0422432    0.0774502   0.00464005
   0.0735022    0.0826058    0.0154876
   0.0633625     0.064492   0.00749305
    0.208352    0.0243246   0.00610776
    0.270752   0.00354974  0.000514216
    0.267831   0.00494975    0.0205538
   -0.160016      0.18221   -0.0649511
   -0.369677     0.214937    -0.161612
   0.0284387     0.069463   0.00188018
    0.113522    0.0457817   0.00137195
    0.157833    0.0328168  -0.00833358
    0.214973    0.0183489   -0.0138979
  -0.0401944    0.0859391  -0.00507136
 -0.00783197     0.068838  -0.00022293
     0.28601  -0.00296434    0.0221466
    0.205464    0.0339302    0.0347688
    0.465107    -0.665815     0.533779
    0.485416    -0.738721     0.467614
    0.312454    -0.664327      0.63208
    0.498991    -0.674655      0.51082
    0.558688    -0.664457      0.45873
    0.528064    -0.685298     0.501512
  -0.0029797     0.115437   0.00159116
    0.128188    0.0656222    0.0305176
  -0.0238565     0.143515  -0.00996515
   0.0233231     0.136011   0.00908433
   -0.148274     0.262191   -0.0716432
   -0.260441     0.223419    -0.110447
    0.180078    0.0429459    0.0293576
    0.202562    0.0396993    0.0482669
   0.0614035    0.0505876 -0.000292127
   -0.131548    0.0877053   -0.0208106
   0.0463637    0.0549782  0.000320859
    0.284383 -0.000381954    -0.048459
    0.197983    0.0208455   -0.0194218
   0.0443505    0.0587015  0.000387007
    0.127665    0.0359157  -0.00657008
-0.000927183     0.065004 -0.000187273
    0.401973    -0.035766   -0.0754811
    0.222661    0.0171523   -0.0141596
    0.441635   -0.0459075    -0.161281
    0.384524   -0.0293282   -0.0745299
    0.283077 -0.000724634   -0.0514081
    0.369437   -0.0241346      -0.1228
    0.262898   0.00506909   -0.0341193
     0.14498    0.0343309  -0.00810459
    0.308101  -0.00781824   -0.0898391
    0.330424   -0.0129905    -0.090849
    0.645452    -0.176031   -0.0973192
    0.665247    -0.196599    -0.117919
    0.619507    -0.161172   -0.0936289
    0.640493    -0.151407    -0.165928
    0.672079    -0.189506    -0.146809
    0.663049    -0.179142    -0.144598
    0.670948    -0.226502   -0.0976961
    0.652226    -0.247006    0.0204985
    0.681819    -0.240124    -0.102434
    0.661111    -0.242946   -0.0391489
    0.689357    -0.208923    -0.248598
    0.683416    -0.207486    -0.316045
    0.647538    -0.210704    -0.413333
    0.675113    -0.216675    -0.311168
    0.675312    -0.176399    -0.423777
    0.668816     -0.18374    -0.439308
    0.698139    -0.249196    -0.172391
     0.70859    -0.270291   -0.0966944
    0.674384     -0.22484    -0.314394
    0.679716    -0.231264    -0.314893
    0.686064    -0.284876   0.00174418
    0.674032    -0.255689   -0.0411331
    0.640335    -0.143667    -0.169874
    0.681405    -0.155374     -0.24508
    0.649341    -0.223197    -0.398654
     0.64954    -0.226466    -0.401588
     0.61199    -0.224938    -0.463421
    0.624249    -0.227861    -0.442247
    0.716008    -0.296592    -0.108265
     0.70447    -0.276907     -0.17939
    0.687833    -0.247483    -0.294616
    0.698502    -0.255138     -0.25727
    0.717648     -0.29388    -0.137821
    0.722708     -0.31469   -0.0784293
    0.693871    -0.458004     0.219062
    0.692019    -0.480127     0.226984
    0.624395    -0.594505     0.366669
    0.586152    -0.634792     0.418472
    0.632742    -0.395923     0.329223
    0.529308    -0.349343     0.308016
     0.50816     -0.45421     0.384901
    0.547943    -0.396762     0.330822
    0.449321    -0.453059     0.426982
    0.428107    -0.325787     0.345423
    0.606229    -0.248464      0.11427
     0.58498    -0.235131     0.107818
    0.231204   -0.0890219      0.27153
    0.210069   -0.0150466     0.209737
   0.0951413     0.154257     0.055675
 -0.00585728     0.259346  -0.00698117
   0.0887104     0.176599    0.0659513
   0.0445643     0.213113    0.0293893
  0.00826594     0.287598   0.00688781
   -0.033194     0.409388    -0.036126
  -0.0432216     0.452468   -0.0348835
   -0.100524     0.626452   -0.0894693
   -0.121685     0.388618   -0.0796543
  -0.0426979     0.255209   -0.0255573
   -0.105964     0.553619   -0.0998159
   -0.123776     0.764403   -0.0910164
   -0.173632      0.94519    -0.276528
   -0.527336     0.718255    -0.453902
   -0.429889     0.766878     -0.41814
   -0.426421     0.812406    -0.397695
   -0.336884     0.669598    -0.475576
   -0.465468     0.593338    -0.468171
   -0.278241     0.682082    -0.492249
   -0.345692     0.769891    -0.388827
   -0.343673     0.717026     -0.43193
   -0.307286     0.713819    -0.421043
   -0.520308     0.543032    -0.470386
   -0.417466     0.668111    -0.449527
   -0.103367     0.302036    -0.060777
   -0.161985     0.586062      -0.1291
    -0.18629     0.481553    -0.129042
   -0.458094     0.591814    -0.351458
    0.120499    0.0555296     0.207204
   0.0972625     0.112037     0.169441
   0.0381225     0.284738      0.02892
   0.0864838     0.201136    0.0825135
  -0.0823793     0.621539    -0.141719
   -0.143533     0.671576    -0.155741
    0.604997    -0.218213    -0.480471
    0.553256    -0.212405    -0.547921
    0.339381    -0.428154     0.474681
     0.37814    -0.319608     0.374337
    0.362593    -0.482436     0.491598
    0.291528    -0.453018     0.515898
    0.476221    -0.628625     0.484101
    0.562468     -0.68217     0.467198
    0.499676    -0.705184      0.50303
    0.425292    -0.663485     0.527009
    0.474397    -0.158207    -0.708703
    0.517071     -0.17371    -0.650142
    0.529137    -0.131296    -0.719992
    0.488484    -0.122096    -0.756696
    0.669952    -0.103354    -0.685743
    0.659804   -0.0752781    -0.747658
    0.557162     -0.20794    -0.550603
    0.489211    -0.208463    -0.612519
    0.577433   -0.0898101    -0.277031
    0.621661    -0.105006    -0.370855
    0.528261   -0.0733758    -0.207588
    0.495734   -0.0655476    -0.249078
    0.529912   -0.0775653    -0.198125
    0.409271   -0.0368319    -0.112822
    0.456416    -0.051399    -0.168087
    0.436609   -0.0448344    -0.119758
    0.389099   -0.0300234    -0.148728
    0.404069   -0.0358023    -0.180277
    0.564516   -0.0913762    -0.181245
    0.507642   -0.0708791    -0.148418
    0.454558   -0.0564788   -0.0946229
    0.383951   -0.0320024   -0.0558802
    0.656989    -0.138393    -0.221914
    0.580653    -0.112128    -0.148748
    0.612152    -0.133738    -0.159015
    0.607737    -0.123915    -0.155186
    0.395183   -0.0343351    -0.193641
    0.389682   -0.0299196    -0.150984
    0.733052    -0.164406     -0.38955
    0.711284     -0.16356    -0.352964
     0.31179   -0.0115832 -0.000114319
     0.38328   -0.0349085   -0.0327258
    0.466219   -0.0660582    -0.362406
     0.42369   -0.0637056    -0.399349
    0.306037   -0.0616648    -0.490591
    0.331634   -0.0585902    -0.455008
    0.408439   -0.0553789    -0.355928
    0.399867   -0.0510956    -0.333971
     0.41222   -0.0841827    0.0643249
    0.374091   -0.0566679    -0.400818
    0.468835    -0.102854    0.0146911
    0.359412   -0.0794842    -0.589573
     0.37893   -0.0854459     -0.63224
    0.250409    0.0123804    0.0882547
    0.215992    0.0370376    0.0971851
   -0.203337    0.0984721   -0.0331979
   -0.149686    0.0934446   -0.0273333
    0.293546  -0.00391963   -0.0229973
    0.344715   -0.0212199   -0.0243599
     0.43243    -0.679145     0.538515
    0.441913     -0.66891     0.546357
   0.0920993     0.100045    0.0293387
    0.179686    0.0483075    0.0431263
    0.289896  -0.00213067   -0.0364706
    0.269087   0.00371979   -0.0211121
     0.67683    -0.195998    -0.370347
    0.652287    -0.196544    -0.432735
    0.639914    -0.211599    -0.429828
    0.655966    -0.217343    -0.393249
  -0.0373787     0.193397   -0.0127199
   0.0263679     0.163954   0.00620878
   -0.363703     0.672679     -0.44905
   -0.235234     0.684019    -0.510323
   -0.321929     0.594429     -0.21214
   -0.267877     0.469941    -0.188143
    0.298789    -0.308506     0.416183
    0.352276     -0.38724     0.444545
    0.370511   -0.0553839    -0.399721
    0.348131    -0.056971    -0.428252
    0.342035   -0.0574039    -0.436321
    0.295202   -0.0574113     -0.47157
    0.422261   -0.0790112    0.0337415
     0.44584   -0.0998759    0.0534199
     0.34756    -0.668109     0.607117
    0.408735     -0.67078     0.568955