          0
  -0.764461
    0.91827
   0.961964
  0.0462841
 -0.0335696
   0.116663
  0.0375994
    1.06934
   0.108243
   0.344067
   0.995383
   0.600285
   0.379201
   0.262125
  -0.385867
  -0.304555
  0.0988774
   0.140136
 -0.0650047
   0.470103
   0.312929
   0.582179
    0.18454
    1.01814
   0.971054
    1.05592
   0.506939
   0.599846
   0.532768
   0.317995
   0.738939
   0.579538
   0.198783
   0.172361
 0.00907722
  0.0566139
  -0.124031
   0.141862
   0.216809
  0.0921128
 -0.0375069
  -0.126412
  -0.582016
   0.142246
   0.125407
    0.14699
   0.195992
  0.0815361
  -0.150668
   -0.20635
  -0.503867
   -0.19137
 0.00517524
  0.0541559
   0.120119
  0.0951558
  0.0869662
   0.111976
 -0.0797178
  -0.007735
 -0.0111999
-0.00718443
   0.105802
  -0.313697
  -0.452873
  -0.334412
   0.055872
   0.124125
   0.187823
   0.279342
   0.150114
   0.200655
   0.289756
   0.252689
   0.415903
   0.544645
   0.437644
   0.728933
    1.03979
   0.769098
   0.621052
   0.756931
   0.964324
   0.690347
   0.721985
   0.543348
   0.401883
   0.145805
  0.0564438
   0.250739
   0.222198
   0.342223
   0.755139
   0.710561
   0.408783
   0.353369
   0.790923
   0.282684
   0.275665
   0.209182
   0.161548
   0.306987
   0.377664
   0.491236
   0.627062
   0.331236
   0.269863
   0.354251
   0.464104
   0.191433
   0.426094
   0.398126
   0.431898
   0.412114
   0.285482
   0.482698
     0.5797
    0.45482
   0.239326
   0.355672
   0.117115
   0.106822
  0.0460086
 -0.0419791
  -0.102535
 -0.0367405
    0.11359
   0.121511
  0.0603655
-0.00725314
   0.166408
  -0.210607
  -0.206678
  -0.250942
  -0.403382
  -0.191088
 -0.0980969
 -0.0185262
  0.0529371
    0.11625
  0.0320367
  0.0705233
 0.00787242
  -0.083883
 -0.0223859
 -0.0581034
  0.0979863
  0.0785909
   0.122728
   0.153904
   0.148879
   0.127412
   0.176238
   0.216157
   0.172414
   0.179666
   0.122453
  -0.116569
 -0.0666239
  -0.188369
   0.162574
    0.21525
   0.247908
   0.246155
  0.0936114
   0.111737
  0.0803724
  0.0609986
  0.0401575
  0.0923191
   0.112752
    0.10975
   0.121798
  0.0773114
   0.114799
  0.0622368
 0.00177878
  0.0189482
  0.0803244
  0.0344314
  0.0864356
   0.114778
   0.123995
   0.128033
  0.0332745
 0.00272657
   0.137696
    0.11523
    0.11616
  -0.262968
  -0.309799
  0.0795737
   0.573953
   0.647816
  0.0322842
 -0.0132576
 -0.0872161
  -0.108896
  -0.018225
 -0.0659409
   0.285498
   0.163422
  -0.289088
  -0.171581
  -0.214856
  -0.300566
  -0.482845
  -0.432315
  -0.497132
  -0.677156
  -0.615082
  0.0792368
   0.665258
   0.786081
    0.69408
    0.61587
    1.03855
   0.995543
   0.909166
   0.882121
   0.873285
    1.05838
   0.746814
    1.06751
    0.88296
    0.89951
   0.851033
   0.827073
   0.738179
    0.94514
   0.698361
   0.899447
   0.871921
   0.682901
   0.801124
   0.386719
    0.76313
   0.657463
    0.56278
    0.49018
    0.47801
    0.66811
   0.594928
   0.519688
    0.42973
   0.696733
     1.0178
   0.712267
   0.630817
   0.532002
   0.482649
   0.475289
   0.441808
   0.421474
   0.339435
   0.348708
    0.25087
   0.338435
    0.36996
   0.631704
   0.627584
   0.636852
   0.532539
   0.459512
   0.285779
    0.24318
   0.244071
   0.290276
    0.29398
   0.557444
   0.650278
   0.752782
   0.976709
   0.833994
   0.958053
   0.851541
   0.857858
   0.628356
    0.57581
   0.612031
   0.720391
   0.440693
   0.807003
   0.224583
    0.51984
    0.89192
   0.797727
   0.211212
   0.179548
    0.12706
   0.139823
 -0.0663387
  -0.041248
 -0.0216621
 -0.0436057
 -0.0464343
 -0.0135645
    0.02546
 -0.0301857
  0.0486472
  0.0902907
   0.132045
   0.172264
  0.0174433
   0.124228
   0.173693
  0.0829818
   0.158904
  -0.435501
  -0.524079
   -0.36399
  0.0955756
  0.0765666
  0.0496461
   0.126295
  0.0472568
  0.0892954
   0.152716
   0.192104
    0.10323
   0.246703
   0.327412
   0.306467
    0.20235
   0.279335
   0.315251
   0.327941
   0.359547
   0.233372
    0.25736
   0.432988
    0.49816
   0.541613
   0.286382
   0.414043
   0.200893
   0.390691
   0.472854
    0.55067
   0.240545
   0.346603
   0.170842
  -0.141611
  -0.330918
-0.00256489
 -0.0732656
 -0.0641543
    0.15648
   0.037264
   0.108515
   0.115282
   0.112762
   0.118447
  0.0937515
   0.101876
  0.0232757
  0.0414796
  0.0673613
  -0.077025
  0.0405177
  -0.018545
  -0.039029
  0.0583394
  0.0218719
  0.0310954
   0.114666
   0.121324
   0.632137
  -0.119328
  -0.274756
   -0.25053
  -0.386517
   0.839796
   0.937988
   0.806359
   0.741853
   0.506562
   0.457688
   0.377506
   0.363867
   0.403088
   0.389377
   0.296813
    0.36841
    0.37855
    0.41856
    0.48902
   0.227322
   0.677642
   0.885917
   0.702729
    0.81728
   0.209283
   0.896525
   0.132714
  0.0157364
   0.210351
   -0.56372
    0.12569
   0.217289
   0.542999
   0.541992
  0.0936188
-0.00269917
  0.0660191
  -0.175319
    0.74945
   0.873459
   0.195273
  -0.646913